%YAML:1.0
---
K: !!opencv-matrix
   rows: 3
   cols: 3
   dt: d
   data: [ 1.9369568617143673e+03, 0., 1.2708158310839106e+03, 0.,
       1.9351340183782656e+03, 7.0315480665624068e+02, 0., 0., 1. ]
D: !!opencv-matrix
   rows: 1
   cols: 5
   dt: d
   data: [ -4.0558091220629383e-01, 1.3532347624892835e-01,
       -1.0464077966510128e-03, 1.0914074558790296e-03,
       9.6638444553305523e-03 ]
